7.0
16.0
18.0
169.0
83.0
147.0
97.0
14.0
13.0
95.0
118.0
142.0
166.0
11.0
27.0
152.0
11.0
179.0
212.0
11.0
26.0
190.0
65.0
239.0
490.0
196.0
321.0
101.0
507.0
13.0
300.0
180.0
495.0
627.0
161.0
167.0
507.0
304.0
201.0
174.0
173.0
178.0
177.0
175.0
805.0
453.0
242.0
884.0
1162.0
425.0
573.0
220.0
684.0
149.0
810.0
170.0
237.0
177.0
686.0
460.0
593.0
550.0
219.0
273.0
354.0
288.0
177.0
84.0
301.0
412.0
171.0
150.0
210.0
386.0
171.0
176.0
261.0
235.0
344.0
197.0
190.0
193.0
466.0
531.0
805.0
599.0
159.0
166.0
127.0
92.0
154.0
90.0
140.0
84.0
91.0
84.0
71.0
80.0
106.0
88.0
78.0
79.0
148.0
81.0
93.0
78.0
86.0
130.0
111.0
99.0
86.0
85.0
96.0
85.0
71.0
39.0
168.0
166.0
516.0
184.0
255.0
360.0
40.0
297.0
159.0
65.0
303.0
262.0
334.0
1499.0
353.0
1116.0
797.0
1023.0
279.0
294.0
347.0
142.0
36.0
37.0
80.0
172.0
194.0
413.0
190.0
310.0
159.0
265.0
526.0
277.0
215.0
696.0
219.0
197.0
233.0
431.0
153.0
248.0
350.0
182.0
196.0
174.0
238.0
282.0
236.0
389.0
491.0
204.0
177.0
235.0
214.0
89.0
380.0
317.0
265.0
567.0
159.0
119.0
195.0
300.0
264.0
395.0
100.0
917.0
156.0
568.0
332.0
301.0
188.0
223.0
355.0
351.0
129.0
221.0
96.0
324.0
246.0
248.0
276.0
53.0
244.0
191.0
429.0
321.0
190.0
35.0
270.0
80.0
93.0
351.0
95.0
55.0
221.0
227.0
86.0
205.0
126.0
339.0
540.0
259.0
275.0
366.0
131.0
136.0
98.0
125.0
97.0
82.0
99.0
102.0
102.0
77.0
103.0
107.0
105.0
87.0
25.0
53.0
88.0
131.0
85.0
129.0
120.0
88.0
82.0
114.0
113.0
115.0
108.0
118.0
26.0
113.0
109.0
115.0
117.0
106.0
111.0
102.0
114.0
106.0
121.0
93.0
114.0
102.0
106.0
25.0
149.0
119.0
136.0
102.0
192.0
145.0
114.0
174.0
113.0
120.0
115.0
109.0
103.0
106.0
84.0
95.0
109.0
94.0
104.0
102.0
117.0
103.0
106.0
108.0
109.0
92.0
98.0
150.0
133.0
215.0
446.0
188.0
118.0
156.0
125.0
125.0
132.0
161.0
188.0
336.0
109.0
250.0
201.0
142.0
137.0
174.0
127.0
121.0
136.0
298.0
165.0
250.0
145.0
188.0
144.0
255.0
163.0
314.0
340.0
106.0
130.0
151.0
126.0
426.0
119.0
133.0
180.0
132.0
149.0
177.0
192.0
188.0
245.0
262.0
254.0
163.0
137.0
132.0
142.0
154.0
275.0
324.0
177.0
218.0
146.0
313.0
104.0
238.0
96.0
239.0
223.0
236.0
124.0
159.0
198.0
158.0
155.0
147.0
159.0
289.0
186.0
237.0
163.0
185.0
152.0
126.0
118.0
131.0
147.0
169.0
270.0
134.0
162.0
136.0
176.0
136.0
178.0
377.0
207.0
179.0
125.0
245.0
141.0
161.0
99.0
224.0
269.0
123.0
89.0
203.0
164.0
217.0
118.0
100.0
147.0
168.0
169.0
126.0
334.0
111.0
340.0
146.0
94.0
388.0
115.0
159.0
235.0
152.0
137.0
282.0
136.0
161.0
222.0
157.0
149.0
117.0
262.0
165.0
154.0
139.0
175.0
395.0
110.0
134.0
209.0
184.0
190.0
212.0
165.0
145.0
124.0
127.0
214.0
128.0
145.0
163.0
264.0
222.0
156.0
108.0
143.0
124.0
156.0
243.0
146.0
157.0
121.0
154.0
297.0
143.0
200.0
121.0
147.0
104.0
174.0
275.0
279.0
373.0
704.0
295.0
272.0
240.0
639.0
309.0
1864.0
1672.0
1051.0
1141.0
1343.0
419.0
2204.0
1265.0
234.0
1190.0
3578.0
305.0
383.0
177.0
579.0
444.0
417.0
320.0
480.0
236.0
464.0
363.0
273.0
56.0
109.0
119.0
75.0
76.0
186.0
127.0
231.0
189.0
167.0
145.0
202.0
126.0
258.0
312.0
183.0
211.0
168.0
126.0
191.0
56.0
170.0
230.0
253.0
138.0
238.0
150.0
134.0
218.0
165.0
350.0
551.0
782.0
361.0
669.0
241.0
458.0
254.0
614.0
1097.0
154.0
270.0
644.0
264.0
213.0
75.0
420.0
351.0
815.0
237.0
215.0
206.0
151.0
248.0
418.0
309.0
227.0
197.0
227.0
399.0
231.0
272.0
121.0
388.0
511.0
414.0
728.0
145.0
336.0
83.0
310.0
154.0
231.0
188.0
124.0
84.0
357.0
280.0
445.0
129.0
103.0
1041.0
73.0
224.0
188.0
198.0
242.0
388.0
786.0
386.0
249.0
309.0
239.0
340.0
496.0
567.0
311.0
680.0
442.0
387.0
311.0
635.0
368.0
317.0
874.0
484.0
578.0
438.0
756.0
418.0
412.0
686.0
845.0
329.0
362.0
521.0
766.0
449.0
512.0
571.0
748.0
665.0
582.0
844.0
650.0
606.0
291.0
432.0
520.0
347.0
316.0
716.0
716.0
347.0
330.0
344.0
356.0
720.0
330.0
526.0
364.0
425.0
925.0
342.0
441.0
458.0
943.0
406.0
361.0
318.0
452.0
336.0
310.0
490.0
465.0
818.0
422.0
328.0
558.0
532.0
338.0
480.0
397.0
454.0
310.0
708.0
309.0
406.0
364.0
926.0
319.0
510.0
440.0
652.0
432.0
364.0
305.0
515.0
318.0
1283.0
376.0
1010.0
389.0
1015.0
468.0
395.0
304.0
378.0
370.0
413.0
511.0
674.0
518.0
489.0
542.0
414.0
512.0
306.0
580.0
356.0
384.0
392.0
492.0
474.0
462.0
470.0
380.0
711.0
426.0
482.0
392.0
372.0
476.0
441.0
516.0
365.0
482.0
324.0
620.0
728.0
428.0
366.0
296.0
438.0
362.0
442.0
362.0
320.0
787.0
484.0
377.0
606.0
634.0
440.0
440.0
526.0
428.0
404.0
294.0
350.0
486.0
492.0
901.0
453.0
400.0
422.0
430.0
418.0
631.0
406.0
346.0
642.0
492.0
768.0
718.0
430.0
346.0
576.0
495.0
484.0
450.0
547.0
458.0
516.0
546.0
302.0
375.0
578.0
350.0
334.0
380.0
406.0
522.0
310.0
630.0
342.0
482.0
426.0
636.0
418.0
446.0
588.0
450.0
787.0
368.0
375.0
315.0
410.0
420.0
347.0
551.0
332.0
602.0
482.0
504.0
622.0
490.0
384.0
612.0
379.0
390.0
416.0
362.0
444.0
494.0
618.0
418.0
470.0
526.0
562.0
406.0
420.0
522.0
340.0
501.0
440.0
676.0
444.0
566.0
494.0
358.0
488.0
444.0
386.0
469.0
558.0
670.0
545.0
425.0
548.0
444.0
340.0
589.0
472.0
515.0
394.0
414.0
508.0
888.0
500.0
372.0
632.0
420.0
858.0
317.0
542.0
401.0
608.0
714.0
544.0
505.0
395.0
380.0
563.0
960.0
416.0
302.0
456.0
402.0
528.0
536.0
456.0
426.0
452.0
464.0
488.0
476.0
364.0
464.0
506.0
484.0
502.0
427.0
490.0
562.0
370.0
402.0
566.0
340.0
560.0
658.0
381.0
341.0
607.0
506.0
612.0
485.0
567.0
604.0
556.0
424.0
508.0
358.0
392.0
603.0
535.0
440.0
494.0
590.0
528.0
542.0
520.0
542.0
526.0
356.0
344.0
415.0
538.0
538.0
593.0
457.0
330.0
650.0
456.0
338.0
666.0
402.0
386.0
584.0
702.0
393.0
492.0
438.0
438.0
410.0
550.0
408.0
366.0
362.0
508.0
312.0
606.0
604.0
446.0
486.0
514.0
490.0
412.0
468.0
484.0
420.0
468.0
644.0
508.0
468.0
336.0
321.0
550.0
314.0
406.0
827.0
498.0
538.0
356.0
388.0
612.0
560.0
521.0
424.0
556.0
412.0
678.0
444.0
481.0
513.0
420.0
578.0
378.0
416.0
493.0
498.0
458.0
440.0
400.0
676.0
382.0
631.0
398.0
630.0
634.0
380.0
348.0
676.0
468.0
704.0
466.0
502.0
364.0
486.0
460.0
592.0
324.0
412.0
684.0
478.0
392.0
518.0
600.0
438.0
434.0
492.0
372.0
520.0
395.0
332.0
542.0
539.0
478.0
404.0
366.0
525.0
374.0
545.0
440.0
326.0
554.0
360.0
534.0
554.0
566.0
434.0
428.0
398.0
429.0
478.0
504.0
472.0
382.0
458.0
394.0
364.0
307.0
347.0
560.0
420.0
420.0
560.0
598.0
612.0
387.0
512.0
426.0
466.0
496.0
420.0
590.0
506.0
388.0
347.0
554.0
548.0
468.0
380.0
562.0
466.0
596.0
490.0
534.0
572.0
368.0
460.0
446.0
570.0
550.0
364.0
313.0
390.0
442.0
364.0
426.0
412.0
362.0
446.0
445.0
438.0
486.0
378.0
566.0
691.0
512.0
646.0
412.0
340.0
547.0
414.0
474.0
354.0
502.0
536.0
535.0
730.0
416.0
454.0
610.0
578.0
530.0
526.0
448.0
462.0
582.0
782.0
366.0
344.0
490.0
526.0
420.0
484.0