24.0
16.0
15.0
26.0
26.0
59.0
32.0
53.0
9.0
14.0
54.0
10.0
213.0
119.0
81.0
122.0
100.0
120.0
240.0
415.0
258.0
289.0
380.0
478.0
130.0
177.0
67.0
271.0
257.0
290.0
207.0
340.0
342.0
206.0
318.0
266.0
198.0
189.0
163.0
368.0
221.0
250.0
193.0
236.0
198.0
248.0
197.0
191.0
204.0
266.0
249.0
246.0
254.0
234.0
238.0
169.0
227.0
262.0
208.0
198.0
218.0
210.0
225.0
248.0
195.0
254.0
210.0
212.0
224.0
221.0
211.0
324.0
194.0
226.0
220.0
300.0
249.0
245.0
203.0
221.0
213.0
194.0
203.0
187.0
214.0
249.0
187.0
230.0
209.0
214.0
335.0
207.0
230.0
254.0
295.0
378.0
226.0
312.0
213.0
410.0
305.0
375.0
59.0
37.0
208.0
373.0
335.0
102.0
247.0
350.0
1098.0
446.0
729.0
853.0
759.0
324.0
520.0
991.0
792.0
551.0
691.0
570.0
935.0
645.0
507.0
682.0
587.0
296.0
794.0
351.0
727.0
508.0
376.0
700.0
661.0
495.0
517.0
497.0
826.0
1021.0
427.0
824.0
771.0
1287.0
419.0
570.0
467.0
311.0
340.0
614.0
578.0
648.0
301.0
493.0
540.0
589.0
557.0
812.0
449.0
420.0
669.0
594.0
435.0
536.0
497.0
596.0
310.0
789.0
408.0
646.0
771.0
511.0
326.0
419.0
439.0
362.0
898.0
336.0
734.0
786.0
634.0
609.0
350.0
442.0
309.0
434.0
1020.0
531.0
293.0
293.0
349.0
276.0
244.0
193.0
67.0
259.0
102.0
176.0
115.0
185.0
258.0
147.0
293.0
232.0
371.0
597.0
583.0
381.0
1471.0
768.0
297.0
356.0
703.0
295.0
469.0
853.0
358.0
283.0
815.0
1170.0
541.0
684.0
319.0
327.0
676.0
292.0
282.0
572.0
517.0
440.0
359.0
607.0
987.0
362.0
345.0
490.0
1129.0
515.0
454.0
377.0
253.0
516.0
480.0
702.0
938.0
726.0
392.0
381.0
348.0
415.0
355.0
514.0
422.0
375.0
1106.0
248.0
698.0
336.0
579.0
828.0
382.0
381.0
657.0
820.0
898.0
443.0
506.0
452.0
572.0
1290.0
708.0
1129.0
460.0
728.0
277.0
472.0
351.0
282.0
711.0
969.0
599.0
407.0
644.0
548.0
832.0
330.0
616.0
285.0
776.0
889.0
1155.0
505.0
730.0
719.0
315.0
364.0
278.0
595.0
315.0
350.0
692.0
815.0
372.0
492.0
463.0
554.0
476.0
579.0
795.0
972.0
982.0
409.0
583.0
1022.0
421.0
551.0
517.0
895.0
503.0
455.0
482.0
541.0
188.0
348.0
610.0
428.0
802.0
525.0
222.0
901.0
307.0
312.0
506.0
537.0
487.0
670.0
508.0
250.0
656.0
357.0
175.0
135.0
182.0
253.0
139.0
146.0
265.0
105.0
161.0
190.0
105.0
205.0
102.0
177.0
179.0
147.0
122.0
104.0
241.0
170.0
137.0
265.0
138.0
115.0
247.0
326.0
299.0
186.0
140.0
233.0
186.0
168.0
168.0
110.0
133.0
168.0
231.0
156.0
253.0
192.0
312.0
134.0
184.0
167.0
179.0
186.0
289.0
286.0
182.0
158.0
252.0
43.0
168.0
161.0
253.0
132.0
224.0
164.0
204.0
124.0
211.0
307.0
167.0
140.0
130.0
285.0
129.0
348.0
327.0
272.0
130.0
126.0
237.0
423.0
129.0
119.0
161.0
134.0
129.0
296.0
191.0
374.0
134.0
181.0
258.0
134.0
201.0
194.0
290.0
195.0
148.0
297.0
148.0
165.0
289.0
155.0
222.0
199.0
212.0
133.0
135.0
757.0
281.0
136.0
266.0
143.0
293.0
168.0
221.0
142.0
115.0
270.0
242.0
170.0
381.0
148.0
197.0
368.0
152.0
131.0
132.0
135.0
117.0
203.0
267.0
110.0
153.0
274.0
129.0
312.0
115.0
451.0
172.0
264.0
151.0
141.0
122.0
216.0
258.0
323.0
153.0
243.0
127.0
182.0
249.0
271.0
141.0
204.0
195.0
160.0
197.0
118.0
139.0
191.0
138.0
116.0
573.0
130.0
273.0
196.0
294.0
161.0
173.0
178.0
224.0
118.0
242.0
259.0
127.0
213.0
185.0
134.0
140.0
149.0
291.0
140.0
372.0
325.0
185.0
132.0
131.0
134.0
253.0
136.0
236.0
330.0
108.0
147.0
290.0
113.0
158.0
126.0
165.0
163.0
205.0
104.0
83.0
103.0
101.0
106.0
111.0
83.0
112.0
90.0
102.0
91.0
101.0
108.0
95.0
103.0
98.0
106.0
84.0
94.0
97.0
94.0
104.0
103.0
85.0
94.0
122.0
106.0
100.0
102.0
97.0
95.0
100.0
100.0
81.0
94.0
88.0
90.0
104.0
93.0
96.0
94.0
96.0
95.0
100.0
94.0
90.0
86.0
89.0
82.0
87.0
94.0
91.0
94.0
90.0
94.0
104.0
88.0
96.0
91.0
89.0
87.0
80.0
87.0
93.0
92.0
95.0
90.0
87.0
87.0
96.0
91.0
90.0
90.0
88.0
92.0
113.0
92.0
91.0
97.0
86.0
91.0
87.0
93.0
94.0
120.0
96.0
93.0
83.0
106.0
89.0
98.0
92.0
96.0
92.0
83.0
94.0
88.0
84.0
89.0
90.0
92.0
95.0
96.0
94.0
90.0
99.0
91.0
93.0
89.0
91.0
87.0
90.0
88.0
96.0
92.0
80.0
86.0
85.0
91.0
85.0
143.0
92.0
99.0
101.0
123.0
102.0
109.0
100.0
96.0
93.0
98.0
102.0
112.0
116.0
100.0
128.0
92.0
92.0
106.0
99.0
108.0
93.0
103.0
95.0
114.0
112.0
94.0
102.0
91.0
113.0
102.0
118.0
95.0
105.0
107.0
90.0
90.0
93.0
91.0
106.0
90.0
103.0
109.0
106.0
84.0
92.0
89.0
102.0
94.0
106.0
94.0
92.0
95.0
86.0
101.0
83.0
88.0
92.0
91.0
94.0
86.0
98.0
88.0
90.0
92.0
88.0
93.0
96.0
87.0
91.0
95.0
94.0
93.0
86.0
86.0
90.0
88.0
93.0
86.0
88.0
88.0
86.0
95.0
128.0
95.0
93.0
82.0
94.0
94.0
123.0
91.0
90.0
98.0
92.0
94.0
94.0
85.0
96.0
84.0
91.0
81.0
91.0
92.0
87.0
98.0
94.0
84.0
89.0
89.0
92.0
92.0
94.0
93.0
94.0
90.0
97.0
86.0
94.0
93.0
98.0
93.0
84.0
91.0
91.0
88.0
123.0
90.0
88.0
95.0
96.0
87.0
88.0
86.0
85.0
88.0
88.0
86.0
92.0
84.0
87.0
93.0
88.0
98.0
96.0
98.0
90.0
91.0
93.0
93.0
93.0
88.0
92.0
95.0
94.0
97.0
91.0
98.0
90.0
90.0
89.0
92.0
123.0
92.0
96.0
86.0
97.0
88.0
88.0
92.0
88.0
94.0
93.0
94.0
111.0
93.0
93.0
86.0
88.0
90.0
92.0
93.0
96.0
87.0
90.0
92.0
93.0
88.0
88.0
88.0
100.0
92.0
88.0
91.0
91.0
86.0
95.0
86.0
93.0
135.0
123.0
96.0
95.0
120.0
91.0
91.0
82.0
99.0
90.0
90.0
89.0
91.0
87.0
87.0
90.0
91.0
92.0
82.0
96.0
94.0
119.0
96.0
91.0
98.0
98.0
98.0
104.0
91.0
99.0
88.0
97.0
93.0
91.0
94.0
92.0
93.0
95.0
85.0
85.0
82.0
93.0
98.0
94.0
92.0
88.0
88.0
90.0
92.0
97.0
88.0
96.0
95.0
90.0
89.0
86.0
90.0
90.0
96.0
93.0
95.0
94.0
88.0
95.0
91.0
90.0
92.0
93.0
89.0
95.0
117.0
89.0
90.0
88.0
93.0
89.0
79.0
90.0
91.0
87.0
80.0
78.0
78.0
87.0
80.0
116.0
91.0
96.0
88.0
77.0
83.0
83.0
79.0
77.0
83.0
85.0
88.0
87.0
84.0
91.0
94.0
81.0
80.0
90.0
86.0
93.0
94.0
87.0
97.0
94.0
83.0
89.0
85.0
86.0
89.0
83.0
94.0
86.0
88.0
91.0
85.0
80.0
97.0
81.0
88.0
87.0
87.0
79.0
92.0
91.0
89.0
82.0
87.0
84.0
79.0
81.0
88.0
79.0
87.0
95.0
84.0
82.0
87.0
92.0
90.0
88.0
91.0
104.0
90.0
95.0
84.0
88.0
93.0
87.0
112.0
80.0
83.0
95.0
93.0
95.0
99.0
95.0
84.0
90.0
79.0
87.0
93.0
83.0
84.0
74.0
82.0
88.0
79.0
86.0
92.0
89.0
85.0
93.0
93.0
91.0
86.0
92.0
90.0
80.0
95.0
81.0
87.0
96.0
89.0
86.0
84.0
97.0
84.0
87.0
82.0
83.0
91.0
96.0
90.0
92.0
87.0
78.0
80.0
93.0
95.0
105.0
104.0
81.0
92.0
80.0
82.0
85.0
83.0
78.0
95.0
92.0
94.0
77.0
85.0
95.0
86.0
82.0
87.0
79.0
83.0
85.0
94.0
95.0
87.0
86.0
85.0
84.0
100.0
82.0
87.0
84.0
87.0
81.0
82.0
89.0
87.0
110.0
80.0
88.0
96.0
91.0
88.0